 9.976
 44.471
 55.769
 64.163
 66.977
 73.538
 75.821
 75.130
 77.764
 78.626
 79.768
 81.120
 77.093
 78.996
 82.091
 78.696
 81.380
 83.033
 80.569
 79.667
 82.812
 83.053
 83.674
 82.963
 82.041
 84.215
 79.828
 83.944
 83.243
 79.858
 84.696
 84.706
 84.575
 84.165
 83.784
 84.645
 84.665
 84.796
 84.685
 83.203
 84.405
 84.856
 84.706
 85.907
 84.966
 84.515
 85.547
 84.926
 82.332
 86.238
 86.398
 85.827
 85.717
 81.010
 85.527
 83.864
 84.065
 86.028
 85.427
 85.958
 85.787
 86.749
 84.986
 86.939
 86.468
 85.567
 86.378
 87.139
 85.847
 85.557
 86.428
 86.528
 86.498
 86.769
 87.720
 87.921
 87.119
 85.927
 87.119
 86.148
 87.290
 87.190
 87.340
 87.330
 87.730
 87.290
 86.779
 87.710
 87.270
 87.420
 87.360
 87.290
 88.472
 88.071
 88.181
 88.411
 88.702
 87.640
 88.331
 88.241
 87.200
 88.201
 88.291
 89.153
 87.400
 88.071
 87.851
 88.862
 87.710
 88.041
 88.612
 88.972
 89.293
 88.832
 89.163
 88.832
 88.962
 89.413
 88.962
 89.423
 88.982
 89.393
 89.032
 89.032
 89.073
 89.974
 89.694
 89.744
 89.533
 90.024
 89.333
 90.034
 89.062
 89.583
 89.994
 89.874
 90.325
 90.104
 90.094
 89.974
 89.814
 90.335
 90.074
 89.653
 89.864
 89.914
 90.405
 90.355
 89.944
 89.914
 89.984
 90.565
 90.315
 90.385
 90.645
 90.104
 90.435
 90.755
 90.535
 90.315
 90.655
 90.635
 90.044
 90.665
 91.096
 90.465
 90.505
 90.935
 90.875
 90.565
 90.765
 90.845
 90.585
 90.966
 90.745
 90.475
 90.665
 90.645
 90.805
 90.745
 91.046
 91.226
 90.845
 90.765
 91.046
 90.915
 90.966
 91.056
 91.196
 91.386
 91.306
 91.436
 91.937
 91.256
 91.306
 91.426
 91.336
 91.306
 91.406
 91.246
 91.597
 91.607
 91.597
 91.276
 91.727
 91.627
 91.436
 91.196
 91.967
 91.526
 91.837
 91.506
 91.717
 91.707
 91.546
 91.847
 91.947
 91.807
 91.797
 91.637
 91.857
 91.707
 91.747
 91.747
 91.617
 91.827
 91.707
 91.787
 91.937
 91.717
 92.027
 91.837
 91.857
 91.797
 91.927
 91.827
 91.907
 91.927
 91.877
 91.887
 91.777
 91.917
 91.857
 91.827
 91.677
 91.617
 91.717
 91.677
 91.817
 91.797
 91.997
 91.727
 91.867
 91.867
 91.957
 91.927
